name: financialmarkets
channels:
  - anaconda
  - defaults
  - conda-forge
dependencies:
  - asttokens=2.0.5=pyhd3eb1b0_0
  - backcall=0.2.0=pyhd3eb1b0_0
  - brotlipy=0.7.0=py310h2bbff1b_1002
  - bzip2=1.0.8=he774522_0
  - ca-certificates=2022.6.15=h5b45459_0
  - certifi=2022.6.15=py310haa95532_0
  - cffi=1.15.1=py310hcbf9ad4_0
  - charset-normalizer=2.1.0=pyhd8ed1ab_0
  - colorama=0.4.5=py310haa95532_0
  - cryptography=37.0.1=py310h21b164f_0
  - debugpy=1.6.0=py310h8a704f9_0
  - decorator=5.1.1=pyhd3eb1b0_0
  - entrypoints=0.4=py310haa95532_0
  - executing=0.8.3=pyhd3eb1b0_0
  - idna=3.3=pyhd3eb1b0_0
  - intel-openmp=2022.1.0=h57928b3_3787
  - ipykernel=6.15.0=pyh025b116_0
  - ipython=8.4.0=py310h5588dad_0
  - jedi=0.18.1=py310haa95532_1
  - jupyter_client=7.3.4=pyhd8ed1ab_0
  - jupyter_core=4.10.0=py310haa95532_0
  - libblas=3.9.0=15_win64_mkl
  - libcblas=3.9.0=15_win64_mkl
  - libffi=3.4.2=hd77b12b_4
  - libiconv=1.17=h8ffe710_0
  - liblapack=3.9.0=15_win64_mkl
  - libsodium=1.0.18=h62dcd97_0
  - libxml2=2.9.14=h0ad7f3c_0
  - libxslt=1.1.35=h2bbff1b_0
  - libzlib=1.2.12=h8ffe710_1
  - lxml=4.9.1=py310he2412df_0
  - matplotlib-inline=0.1.3=pyhd8ed1ab_0
  - mkl=2022.1.0=h6a75c08_874
  - multitasking=0.0.9=pyhd8ed1ab_0
  - nest-asyncio=1.5.5=py310haa95532_0
  - numpy=1.23.0=py310h8a5b91a_0
  - openssl=3.0.5=h8ffe710_0
  - packaging=21.3=pyhd3eb1b0_0
  - pandas=1.4.3=py310hf5e1058_0
  - parso=0.8.3=pyhd3eb1b0_0
  - pickleshare=0.7.5=pyhd3eb1b0_1003
  - pip=22.1.2=pyhd8ed1ab_0
  - prompt-toolkit=3.0.30=pyha770c72_0
  - psutil=5.9.1=py310he2412df_0
  - pure_eval=0.2.2=pyhd3eb1b0_0
  - pycparser=2.21=pyhd3eb1b0_0
  - pygments=2.12.0=pyhd8ed1ab_0
  - pyopenssl=22.0.0=pyhd3eb1b0_0
  - pyparsing=3.0.9=pyhd8ed1ab_0
  - pysocks=1.7.1=py310haa95532_0
  - python=3.10.5=hcf16a7b_0_cpython
  - python-dateutil=2.8.2=pyhd3eb1b0_0
  - python_abi=3.10=2_cp310
  - pytz=2022.1=py310haa95532_0
  - pywin32=303=py310he2412df_0
  - pyzmq=23.2.0=py310h73ada01_0
  - requests=2.28.1=pyhd8ed1ab_0
  - setuptools=63.1.0=py310h5588dad_0
  - six=1.16.0=pyhd3eb1b0_1
  - sqlite=3.39.0=h8ffe710_0
  - stack_data=0.3.0=pyhd8ed1ab_0
  - tbb=2021.5.0=h59b6b97_0
  - tk=8.6.12=h2bbff1b_0
  - tornado=6.2=py310he2412df_0
  - traitlets=5.3.0=pyhd8ed1ab_0
  - tzdata=2022a=hda174b7_0
  - ucrt=10.0.20348.0=h57928b3_0
  - urllib3=1.26.9=py310haa95532_0
  - vc=14.2=h21ff451_1
  - vs2015_runtime=14.29.30037=h902a5da_6
  - wcwidth=0.2.5=pyhd3eb1b0_0
  - wheel=0.37.1=pyhd3eb1b0_0
  - win_inet_pton=1.1.0=py310haa95532_0
  - xz=5.2.5=h8cc25b3_1
  - yfinance=0.1.72=pyhd8ed1ab_0
  - zeromq=4.3.4=hd77b12b_0
  - zlib=1.2.12=h8ffe710_1
  - pip:
    - beautifulsoup4==4.11.1
    - soupsieve==2.3.2.post1
    - yahoofinancials==1.6
prefix: C:\Users\michael\anaconda3\envs\financialmarkets
