name: dataengineering
channels:
  - defaults
  - conda-forge
dependencies:
  - bzip2=1.0.8=he774522_0
  - ca-certificates=2023.01.10=haa95532_0
  - libffi=3.4.2=hd77b12b_6
  - libsqlite=3.40.0=hcfcfb64_0
  - libzlib=1.2.13=hcfcfb64_4
  - openssl=3.0.8=hcfcfb64_0
  - pip=23.0=pyhd8ed1ab_0
  - python=3.11.0=hcf16a7b_0_cpython
  - setuptools=67.3.2=pyhd8ed1ab_0
  - tk=8.6.12=h2bbff1b_0
  - tzdata=2022g=h04d1e81_0
  - ucrt=10.0.22621.0=h57928b3_0
  - vc=14.3=hb6edc58_10
  - vs2015_runtime=14.34.31931=h4c5c07a_10
  - wheel=0.38.4=pyhd8ed1ab_0
  - xz=5.2.10=h8cc25b3_1
prefix: C:\Users\michael\anaconda3\envs\dataengineering
